f,s,k
