k,e,a
