h,i,l
